,target
0,-0.0014101047712807577
1,0.019019994537191904
2,-0.00015337433574501554
3,-0.008785279148156092
4,0.011614614514832769
5,0.002791434358920251
6,0.012918322853738791
7,0.017444107437730366
8,0.00943691404960181
9,0.0066824682092715745
10,-0.006588691093378822
11,-0.003742235990387849
12,-0.0028118527776128436
13,-0.0030007071732838127
14,-0.003982532918071552
15,0.004034400759955375
16,-0.007695248007238802
17,0.0040344007599556805
18,0.005721053926321877
19,-0.009004621750366386
20,0.007601546195561227
21,-0.005443332925941822
22,-0.009004621750366482
23,-0.009502586973840824
24,0.023411583547497603
25,-0.008843826853752635
26,-0.0003081070769267614
27,-0.003158500096706477
28,-0.007488484065779169
29,0.02511593910905473
30,-0.009099222827253593
31,-0.008785279148156126
32,0.007133132620677311
33,-0.0094056378402807
34,-0.004821145301721718
35,-0.006904777784240913
36,-0.005201050873209693
37,-0.0030248004109388366
38,-0.008335183772443081
39,-0.007581903607790736
