,target
0,-0.009151565491448651
1,-0.008410359552439663
2,-0.009092475011085012
3,-0.0080656605386577
4,-0.00608538573787755
5,-0.007446044082684727
6,0.0002048804974887576
7,-0.0005013961019897659
8,-0.006755943793672791
9,-0.009047115684489005
10,-0.008246800687516894
11,-0.006874869733676387
12,-0.009577743536720093
13,-0.00881673168066488
14,-0.009336567137209218
15,-0.0069586411229131855
16,-0.008666200025543195
17,-0.009052247081149973
18,-0.0021227935727121464
19,-0.009165310905381746
20,0.024849234458417413
21,0.0005934513284396531
22,-0.006261833367832965
23,0.05403895739166811
24,-0.008000798896349618
25,-0.007353115430138679
26,-0.007330495114715761
27,-0.0035029207741945918
28,-0.008633384174760667
29,-0.00500318472972869
30,-0.008404187231362171
31,-0.00777583207709619
32,-0.005948763408631741
33,-0.009351910423668609
34,-0.0016888579015807282
35,0.0032913060827115216
36,0.014581939301094736
37,-0.009370476592693147
38,-0.008666200025543202
39,-0.0018510347692069923
