,target
0,-0.005021080528988231
1,-0.007211083025109384
2,-0.007173216945618911
3,-0.00171493773929952
4,0.017444107437730363
5,-0.0019948148691451987
6,0.005721053926321886
7,0.018430668410841948
8,0.005817226539303411
9,-0.002158954273195099
10,-0.005056478423267638
11,-0.005081181622257769
12,-0.0018624432237128344
13,0.0018278022998081548
14,0.0018278022998081548
15,0.012199863185186665
16,0.0015226780850320651
17,0.019794160936496465
18,0.0015226780850320601
19,-0.009022869435802038
20,-0.005426093049345847
21,-0.005096817575359824
22,-0.008423423990629902
23,-0.0025243967325627717
24,0.018447218523766414
25,0.012693378611896629
26,-0.008697359689653286
27,-0.0016888579015805262
28,-0.007173216945618912
29,-0.008449725665932677
30,-0.004972582845739212
31,-0.008852635732745482
32,-0.0007815483790930796
33,-0.002092204124052871
34,-0.008410359552439671
35,-0.0084896164862274
36,0.019794160936496465
37,-0.002092204124052871
38,-0.0022835211080398645
39,-0.008543640540532164
