,target
0,-0.003792199777316376
1,-0.008410359552439663
2,-0.007173216945618911
3,-0.005081181622257769
4,0.011614614514832769
5,0.0011113703850449514
6,0.0074754771134587705
7,0.018430668410841948
8,0.005817226539303411
9,-0.002158954273195099
10,-0.004138435425309008
11,-0.006980857242678038
12,-0.0018624432237128344
13,0.0018278022998081548
14,0.0018278022998081548
15,0.012199863185186665
16,-0.0021246770979792763
17,0.014581939301094736
18,-0.002283521108039862
19,-0.008339453372622735
20,-0.007194400399498643
21,-0.005096817575359824
22,-0.008540572832202654
23,-0.005081181622257769
24,0.011155617395841299
25,0.00810878191559517
26,-0.007819776613430146
27,-0.0016888579015805262
28,-0.007173216945618912
29,-0.006980857242678037
30,-0.0027080275870777033
31,-0.007488484065779276
32,0.010095679431395967
33,-0.004694226575820945
34,-0.007170541992339443
35,-0.005868222114325013
36,0.019794160936496465
37,-0.002092204124052871
38,-0.007132203983005438
39,-0.008965306748807399
